# -*- coding: utf-8 -*-

import time

import parameters

start_time = time.time()

"""
# 2/4/10
distanceMatrix = [[0.0, 67.11929678, 34.20526275, 77.25283166, 45.65084884, 50.0, 31.01612484, 45.607017, 66.88796603, 78.91767863, 47.5394573, 33.73425559, 40.22437072, 22.8035085], [67.11929678, 0.0, 40.01249805, 57.07013229, 54.23098745, 51.07837116, 50.44799302, 33.95585369, 38.94868419, 43.46262762, 19.72308292, 68.18357573, 28.44292531, 51.73973328], [34.20526275, 40.01249805, 0.0, 75.00666637, 52.55473337, 22.13594362, 38.83297568, 11.40175425, 33.10589071, 69.0651866, 24.69817807, 28.63564213, 12.64911064, 33.01514804], [77.25283166, 57.07013229, 75.00666637, 0.0, 32.55764119, 95.60334722, 46.23851209, 77.66595136, 92.70382948, 17.08800749, 53.85164807, 99.80981916, 64.20280368, 54.62600113], [45.65084884, 54.23098745, 52.55473337, 32.55764119, 0.0, 74.67261881, 15.55634919, 59.22837158, 79.15806971, 39.29376541, 40.19950248, 72.34638899, 45.54119015, 24.08318916], [50.0, 51.07837116, 22.13594362, 95.60334722, 74.67261881, 0.0, 60.87692502, 18.43908891, 22.84731932, 87.7268488, 42.42640687, 25.8069758, 31.40063694, 54.58937626], [31.01612484, 50.44799302, 38.83297568, 46.23851209, 15.55634919, 60.87692502, 0.0, 47.01063709, 68.26419266, 49.01020302, 32.64965543, 56.85068161, 34.23448554, 8.602325267], [45.607017, 33.95585369, 11.40175425, 77.66595136, 59.22837158, 18.43908891, 47.01063709, 0.0, 22.13594362, 69.3108938, 24.08318916, 35.12833614, 13.92838828, 42.42640687], [66.88796603, 38.94868419, 33.10589071, 92.70382948, 79.15806971, 22.84731932, 68.26419266, 22.13594362, 0.0, 81.3019065, 40.02499219, 48.37354649, 34.05877273, 64.32728814], [78.91767863, 43.46262762, 69.0651866, 17.08800749, 39.29376541, 87.7268488, 49.01020302, 69.3108938, 81.3019065, 0.0, 45.3431362, 96.17692031, 57.00877125, 56.32051136], [47.5394573, 19.72308292, 24.69817807, 53.85164807, 40.19950248, 42.42640687, 32.64965543, 24.08318916, 40.02499219, 45.3431362, 0.0, 53.16013544, 12.08304597, 32.55764119], [33.73425559, 68.18357573, 28.63564213, 99.80981916, 72.34638899, 25.8069758, 56.85068161, 35.12833614, 48.37354649, 96.17692031, 53.16013544, 0.0, 41.23105626, 48.60041152], [40.22437072, 28.44292531, 12.64911064, 64.20280368, 45.54119015, 31.40063694, 34.23448554, 13.92838828, 34.05877273, 57.00877125, 12.08304597, 41.23105626, 0.0, 31.01612484], [22.8035085, 51.73973328, 33.01514804, 54.62600113, 24.08318916, 54.58937626, 8.602325267, 42.42640687, 64.32728814, 56.32051136, 32.55764119, 48.60041152, 31.01612484, 0.0]]
timeMatrix = [[0.0, 67.11929678, 34.20526275, 77.25283166, 45.65084884, 50.0, 31.01612484, 45.607017, 66.88796603, 78.91767863, 47.5394573, 33.73425559, 40.22437072, 22.8035085], [67.11929678, 0.0, 40.01249805, 57.07013229, 54.23098745, 51.07837116, 50.44799302, 33.95585369, 38.94868419, 43.46262762, 19.72308292, 68.18357573, 28.44292531, 51.73973328], [34.20526275, 40.01249805, 0.0, 75.00666637, 52.55473337, 22.13594362, 38.83297568, 11.40175425, 33.10589071, 69.0651866, 24.69817807, 28.63564213, 12.64911064, 33.01514804], [77.25283166, 57.07013229, 75.00666637, 0.0, 32.55764119, 95.60334722, 46.23851209, 77.66595136, 92.70382948, 17.08800749, 53.85164807, 99.80981916, 64.20280368, 54.62600113], [45.65084884, 54.23098745, 52.55473337, 32.55764119, 0.0, 74.67261881, 15.55634919, 59.22837158, 79.15806971, 39.29376541, 40.19950248, 72.34638899, 45.54119015, 24.08318916], [50.0, 51.07837116, 22.13594362, 95.60334722, 74.67261881, 0.0, 60.87692502, 18.43908891, 22.84731932, 87.7268488, 42.42640687, 25.8069758, 31.40063694, 54.58937626], [31.01612484, 50.44799302, 38.83297568, 46.23851209, 15.55634919, 60.87692502, 0.0, 47.01063709, 68.26419266, 49.01020302, 32.64965543, 56.85068161, 34.23448554, 8.602325267], [45.607017, 33.95585369, 11.40175425, 77.66595136, 59.22837158, 18.43908891, 47.01063709, 0.0, 22.13594362, 69.3108938, 24.08318916, 35.12833614, 13.92838828, 42.42640687], [66.88796603, 38.94868419, 33.10589071, 92.70382948, 79.15806971, 22.84731932, 68.26419266, 22.13594362, 0.0, 81.3019065, 40.02499219, 48.37354649, 34.05877273, 64.32728814], [78.91767863, 43.46262762, 69.0651866, 17.08800749, 39.29376541, 87.7268488, 49.01020302, 69.3108938, 81.3019065, 0.0, 45.3431362, 96.17692031, 57.00877125, 56.32051136], [47.5394573, 19.72308292, 24.69817807, 53.85164807, 40.19950248, 42.42640687, 32.64965543, 24.08318916, 40.02499219, 45.3431362, 0.0, 53.16013544, 12.08304597, 32.55764119], [33.73425559, 68.18357573, 28.63564213, 99.80981916, 72.34638899, 25.8069758, 56.85068161, 35.12833614, 48.37354649, 96.17692031, 53.16013544, 0.0, 41.23105626, 48.60041152], [40.22437072, 28.44292531, 12.64911064, 64.20280368, 45.54119015, 31.40063694, 34.23448554, 13.92838828, 34.05877273, 57.00877125, 12.08304597, 41.23105626, 0.0, 31.01612484], [22.8035085, 51.73973328, 33.01514804, 54.62600113, 24.08318916, 54.58937626, 8.602325267, 42.42640687, 64.32728814, 56.32051136, 32.55764119, 48.60041152, 31.01612484, 0.0]]
"""
"""
products = [[4,50,0],[5,50,0],[6,50,0],[7,50,0],[8,50,0],[9,50,0],[10,50,0],[11,50,0],[12,50,0],[13,50,0]]
vehicles = [[0,3,250,1000,0,0,0],[0,3,250,1000,0,0,1],[1,2,250,1000,0,0,2],[1,2,250,1000,0,0,3]]
"""


# 5/20/400
distanceMatrix = []
d = open("NEWmedium1.csv", "r")
line = d.readline()
print(line.strip('\n'))  # 파일에서 읽어온 문자열에서 \n 삭제
a = line.split(',')
a.pop()
b = [float(i) for i in a]
distanceMatrix.append(b)
while line != '':

    line = d.readline()
    line.strip('\n')
    a = line.split(',')
    a.pop()
    b = [float(i) for i in a]
    if a != 0:
        distanceMatrix.append(b)

timeMatrix = []
t = open("NEWmedium1.csv", "r")
line2 = t.readline()
print(line2.strip('\n'))  # 파일에서 읽어온 문자열에서 \n 삭제
a2 = line2.split(',')
a2.pop()
b2 = [float(i) for i in a2]
timeMatrix.append(b2)
while line2 != '':

    line2 = t.readline()
    line2.strip('\n')
    a2 = line2.split(',')
    a2.pop()
    b2 = [float(i) for i in a2]
    if a != 0:
        timeMatrix.append(b2)


#2/200/10

products = [[0, 10, 0], [1, 10, 0], [2, 10, 0], [3, 10, 0], [4, 10, 0], [5, 10, 0], [6, 10, 0], [7, 10, 0], [8, 10, 0], [9, 10, 0], [10, 10, 0], [11, 10, 0], [12, 10, 0], [13, 10, 0], [14, 10, 0], [15, 10, 0], [16, 10, 0], [17, 10, 0], [18, 10, 0], [19, 10, 0], [20, 10, 0], [21, 10, 0], [22, 10, 0], [23, 10, 0], [24, 10, 0], [25, 10, 0], [26, 10, 0], [27, 10, 0], [28, 10, 0], [29, 10, 0], [30, 10, 0], [31, 10, 0], [32, 10, 0], [33, 10, 0], [34, 10, 0], [35, 10, 0], [36, 10, 0], [37, 10, 0], [38, 10, 0], [39, 10, 0], [40, 10, 0], [41, 10, 0], [42, 10, 0], [43, 10, 0], [44, 10, 0], [45, 10, 0], [46, 10, 0], [47, 10, 0], [48, 10, 0], [49, 10, 0], [50, 10, 0], [51, 10, 0], [52, 10, 0], [53, 10, 0], [54, 10, 0], [55, 10, 0], [56, 10, 0], [57, 10, 0], [58, 10, 0], [59, 10, 0], [60, 10, 0], [61, 10, 0], [62, 10, 0], [63, 10, 0], [64, 10, 0], [65, 10, 0], [66, 10, 0], [67, 10, 0], [68, 10, 0], [69, 10, 0], [70, 10, 0], [71, 10, 0], [72, 10, 0], [73, 10, 0], [74, 10, 0], [75, 10, 0], [76, 10, 0], [77, 10, 0], [78, 10, 0], [79, 10, 0], [80, 10, 0], [81, 10, 0], [82, 10, 0], [83, 10, 0], [84, 10, 0], [85, 10, 0], [86, 10, 0], [87, 10, 0], [88, 10, 0], [89, 10, 0], [90, 10, 0], [91, 10, 0], [92, 10, 0], [93, 10, 0], [94, 10, 0], [95, 10, 0], [96, 10, 0], [97, 10, 0], [98, 10, 0], [99, 10, 0], [100, 10, 0], [101, 10, 0], [102, 10, 0], [103, 10, 0], [104, 10, 0], [105, 10, 0], [106, 10, 0], [107, 10, 0], [108, 10, 0], [109, 10, 0], [110, 10, 0], [111, 10, 0], [112, 10, 0], [113, 10, 0], [114, 10, 0], [115, 10, 0], [116, 10, 0], [117, 10, 0], [118, 10, 0], [119, 10, 0], [120, 10, 0], [121, 10, 0], [122, 10, 0], [123, 10, 0], [124, 10, 0], [125, 10, 0], [126, 10, 0], [127, 10, 0], [128, 10, 0], [129, 10, 0], [130, 10, 0], [131, 10, 0], [132, 10, 0], [133, 10, 0], [134, 10, 0], [135, 10, 0], [136, 10, 0], [137, 10, 0], [138, 10, 0], [139, 10, 0], [140, 10, 0], [141, 10, 0], [142, 10, 0], [143, 10, 0], [144, 10, 0], [145, 10, 0], [146, 10, 0], [147, 10, 0], [148, 10, 0], [149, 10, 0], [150, 10, 0], [151, 10, 0], [152, 10, 0], [153, 10, 0], [154, 10, 0], [155, 10, 0], [156, 10, 0], [157, 10, 0], [158, 10, 0], [159, 10, 0], [160, 10, 0], [161, 10, 0], [162, 10, 0], [163, 10, 0], [164, 10, 0], [165, 10, 0], [166, 10, 0], [167, 10, 0], [168, 10, 0], [169, 10, 0], [170, 10, 0], [171, 10, 0], [172, 10, 0], [173, 10, 0], [174, 10, 0], [175, 10, 0], [176, 10, 0], [177, 10, 0], [178, 10, 0], [179, 10, 0], [180, 10, 0], [181, 10, 0], [182, 10, 0], [183, 10, 0], [184, 10, 0], [185, 10, 0], [186, 10, 0], [187, 10, 0], [188, 10, 0], [189, 10, 0], [190, 10, 0], [191, 10, 0], [192, 10, 0], [193, 10, 0], [194, 10, 0], [195, 10, 0], [196, 10, 0], [197, 10, 0], [198, 10, 0], [199, 10, 0]]
vehicles = [[200, 202, 300, 480, 0, 0, 0], [200, 202, 300, 480, 0, 1, 1], [200, 202, 300, 480, 0, 0, 2], [200, 202, 300, 480, 0, 1, 3], [200, 202, 300, 480, 0, 0, 4], [201, 203, 300, 480, 0, 1, 5], [201, 203, 300, 480, 0, 0, 6], [201, 203, 300, 480, 0, 1, 7], [201, 203, 300, 480, 0, 0, 8], [201, 203, 300, 480, 0, 1, 9]]

"""
#5/400/20

products = [[0, 10, 0], [1, 10, 0], [2, 10, 0], [3, 10, 0], [4, 10, 0], [5, 10, 0], [6, 10, 0], [7, 10, 0], [8, 10, 0], [9, 10, 0], [10, 10, 0], [11, 10, 0], [12, 10, 0], [13, 10, 0], [14, 10, 0], [15, 10, 0], [16, 10, 0], [17, 10, 0], [18, 10, 0], [19, 10, 0], [20, 10, 0], [21, 10, 0], [22, 10, 0], [23, 10, 0], [24, 10, 0], [25, 10, 0], [26, 10, 0], [27, 10, 0], [28, 10, 0], [29, 10, 0], [30, 10, 0], [31, 10, 0], [32, 10, 0], [33, 10, 0], [34, 10, 0], [35, 10, 0], [36, 10, 0], [37, 10, 0], [38, 10, 0], [39, 10, 0], [40, 10, 0], [41, 10, 0], [42, 10, 0], [43, 10, 0], [44, 10, 0], [45, 10, 0], [46, 10, 0], [47, 10, 0], [48, 10, 0], [49, 10, 0], [50, 10, 0], [51, 10, 0], [52, 10, 0], [53, 10, 0], [54, 10, 0], [55, 10, 0], [56, 10, 0], [57, 10, 0], [58, 10, 0], [59, 10, 0], [60, 10, 0], [61, 10, 0], [62, 10, 0], [63, 10, 0], [64, 10, 0], [65, 10, 0], [66, 10, 0], [67, 10, 0], [68, 10, 0], [69, 10, 0], [70, 10, 0], [71, 10, 0], [72, 10, 0], [73, 10, 0], [74, 10, 0], [75, 10, 0], [76, 10, 0], [77, 10, 0], [78, 10, 0], [79, 10, 0], [80, 10, 0], [81, 10, 0], [82, 10, 0], [83, 10, 0], [84, 10, 0], [85, 10, 0], [86, 10, 0], [87, 10, 0], [88, 10, 0], [89, 10, 0], [90, 10, 0], [91, 10, 0], [92, 10, 0], [93, 10, 0], [94, 10, 0], [95, 10, 0], [96, 10, 0], [97, 10, 0], [98, 10, 0], [99, 10, 0], [100, 10, 0], [101, 10, 0], [102, 10, 0], [103, 10, 0], [104, 10, 0], [105, 10, 0], [106, 10, 0], [107, 10, 0], [108, 10, 0], [109, 10, 0], [110, 10, 0], [111, 10, 0], [112, 10, 0], [113, 10, 0], [114, 10, 0], [115, 10, 0], [116, 10, 0], [117, 10, 0], [118, 10, 0], [119, 10, 0], [120, 10, 0], [121, 10, 0], [122, 10, 0], [123, 10, 0], [124, 10, 0], [125, 10, 0], [126, 10, 0], [127, 10, 0], [128, 10, 0], [129, 10, 0], [130, 10, 0], [131, 10, 0], [132, 10, 0], [133, 10, 0], [134, 10, 0], [135, 10, 0], [136, 10, 0], [137, 10, 0], [138, 10, 0], [139, 10, 0], [140, 10, 0], [141, 10, 0], [142, 10, 0], [143, 10, 0], [144, 10, 0], [145, 10, 0], [146, 10, 0], [147, 10, 0], [148, 10, 0], [149, 10, 0], [150, 10, 0], [151, 10, 0], [152, 10, 0], [153, 10, 0], [154, 10, 0], [155, 10, 0], [156, 10, 0], [157, 10, 0], [158, 10, 0], [159, 10, 0], [160, 10, 0], [161, 10, 0], [162, 10, 0], [163, 10, 0], [164, 10, 0], [165, 10, 0], [166, 10, 0], [167, 10, 0], [168, 10, 0], [169, 10, 0], [170, 10, 0], [171, 10, 0], [172, 10, 0], [173, 10, 0], [174, 10, 0], [175, 10, 0], [176, 10, 0], [177, 10, 0], [178, 10, 0], [179, 10, 0], [180, 10, 0], [181, 10, 0], [182, 10, 0], [183, 10, 0], [184, 10, 0], [185, 10, 0], [186, 10, 0], [187, 10, 0], [188, 10, 0], [189, 10, 0], [190, 10, 0], [191, 10, 0], [192, 10, 0], [193, 10, 0], [194, 10, 0], [195, 10, 0], [196, 10, 0], [197, 10, 0], [198, 10, 0], [199, 10, 0], [200, 10, 0], [201, 10, 0], [202, 10, 0], [203, 10, 0], [204, 10, 0], [205, 10, 0], [206, 10, 0], [207, 10, 0], [208, 10, 0], [209, 10, 0], [210, 10, 0], [211, 10, 0], [212, 10, 0], [213, 10, 0], [214, 10, 0], [215, 10, 0], [216, 10, 0], [217, 10, 0], [218, 10, 0], [219, 10, 0], [220, 10, 0], [221, 10, 0], [222, 10, 0], [223, 10, 0], [224, 10, 0], [225, 10, 0], [226, 10, 0], [227, 10, 0], [228, 10, 0], [229, 10, 0], [230, 10, 0], [231, 10, 0], [232, 10, 0], [233, 10, 0], [234, 10, 0], [235, 10, 0], [236, 10, 0], [237, 10, 0], [238, 10, 0], [239, 10, 0], [240, 10, 0], [241, 10, 0], [242, 10, 0], [243, 10, 0], [244, 10, 0], [245, 10, 0], [246, 10, 0], [247, 10, 0], [248, 10, 0], [249, 10, 0], [250, 10, 0], [251, 10, 0], [252, 10, 0], [253, 10, 0], [254, 10, 0], [255, 10, 0], [256, 10, 0], [257, 10, 0], [258, 10, 0], [259, 10, 0], [260, 10, 0], [261, 10, 0], [262, 10, 0], [263, 10, 0], [264, 10, 0], [265, 10, 0], [266, 10, 0], [267, 10, 0], [268, 10, 0], [269, 10, 0], [270, 10, 0], [271, 10, 0], [272, 10, 0], [273, 10, 0], [274, 10, 0], [275, 10, 0], [276, 10, 0], [277, 10, 0], [278, 10, 0], [279, 10, 0], [280, 10, 0], [281, 10, 0], [282, 10, 0], [283, 10, 0], [284, 10, 0], [285, 10, 0], [286, 10, 0], [287, 10, 0], [288, 10, 0], [289, 10, 0], [290, 10, 0], [291, 10, 0], [292, 10, 0], [293, 10, 0], [294, 10, 0], [295, 10, 0], [296, 10, 0], [297, 10, 0], [298, 10, 0], [299, 10, 0], [300, 10, 0], [301, 10, 0], [302, 10, 0], [303, 10, 0], [304, 10, 0], [305, 10, 0], [306, 10, 0], [307, 10, 0], [308, 10, 0], [309, 10, 0], [310, 10, 0], [311, 10, 0], [312, 10, 0], [313, 10, 0], [314, 10, 0], [315, 10, 0], [316, 10, 0], [317, 10, 0], [318, 10, 0], [319, 10, 0], [320, 10, 0], [321, 10, 0], [322, 10, 0], [323, 10, 0], [324, 10, 0], [325, 10, 0], [326, 10, 0], [327, 10, 0], [328, 10, 0], [329, 10, 0], [330, 10, 0], [331, 10, 0], [332, 10, 0], [333, 10, 0], [334, 10, 0], [335, 10, 0], [336, 10, 0], [337, 10, 0], [338, 10, 0], [339, 10, 0], [340, 10, 0], [341, 10, 0], [342, 10, 0], [343, 10, 0], [344, 10, 0], [345, 10, 0], [346, 10, 0], [347, 10, 0], [348, 10, 0], [349, 10, 0], [350, 10, 0], [351, 10, 0], [352, 10, 0], [353, 10, 0], [354, 10, 0], [355, 10, 0], [356, 10, 0], [357, 10, 0], [358, 10, 0], [359, 10, 0], [360, 10, 0], [361, 10, 0], [362, 10, 0], [363, 10, 0], [364, 10, 0], [365, 10, 0], [366, 10, 0], [367, 10, 0], [368, 10, 0], [369, 10, 0], [370, 10, 0], [371, 10, 0], [372, 10, 0], [373, 10, 0], [374, 10, 0], [375, 10, 0], [376, 10, 0], [377, 10, 0], [378, 10, 0], [379, 10, 0], [380, 10, 0], [381, 10, 0], [382, 10, 0], [383, 10, 0], [384, 10, 0], [385, 10, 0], [386, 10, 0], [387, 10, 0], [388, 10, 0], [389, 10, 0], [390, 10, 0], [391, 10, 0], [392, 10, 0], [393, 10, 0], [394, 10, 0], [395, 10, 0], [396, 10, 0], [397, 10, 0], [398, 10, 0], [399, 10, 0]]
vehicles = [[400, 405, 300, 480, 0, 0, 0], [400, 405, 300, 480, 0, 1, 1], [400, 405, 300, 480, 0, 0, 2], [400, 405, 300, 480, 0, 1, 3], [401, 406, 300, 480, 0, 0, 4], [401, 406, 300, 480, 0, 1, 5], [401, 406, 300, 480, 0, 0, 6], [401, 406, 300, 480, 0, 1, 7], [402, 407, 300, 480, 0, 0, 8], [402, 407, 300, 480, 0, 1, 9], [402, 407, 300, 480, 0, 0, 10], [402, 407, 300, 480, 0, 1, 11], [403, 408, 300, 480, 0, 0, 12], [403, 408, 300, 480, 0, 1, 13], [403, 408, 300, 480, 0, 0, 14], [403, 408, 300, 480, 0, 1, 15], [404, 409, 300, 480, 0, 0, 16], [404, 409, 300, 480, 0, 1, 17], [404, 409, 300, 480, 0, 0, 18], [404, 409, 300, 480, 0, 1, 19]]
"""




# 입력 데이터 형식

# 1. 거리 행렬
"""
# (14*14 행렬) 제품 10개(index 0~9), 차고지 2개(index 10~11), 매립지 2개(index 12~13)
# 노드 i, 노드 j 사이의 거리 = distanceMatrix[i][j] = float 형
distanceMatrix = []
"""
"""
f = codecs.open('distance.csv', 'r', encoding="utf-8-sig")
csvReader = csv.reader(f)
for row in csvReader:
    tempMat = []
    ia = iter(row)
    for i in ia:
        tempMat.append(float(i))
    distanceMatrix.append(tempMat)
f.close()
"""
"""
distanceMatrix = [[0.0, 1.0, 2.0, 3.0, 4.0, 5.0, 6.0, 7.0, 8.0, 9.0, 10.0, 11.0, 12.0, 13.0], [1.0, 0.0, 1.0, 2.0, 3.0, 4.0, 5.0, 6.0, 7.0, 8.0, 9.0, 10.0, 11.0, 12.0], [2.0, 1.0, 0.0, 1.0, 2.0, 3.0, 4.0, 5.0, 6.0, 7.0, 8.0, 9.0, 10.0, 11.0], [3.0, 2.0, 1.0, 0.0, 1.0, 2.0, 3.0, 4.0, 5.0, 6.0, 7.0, 8.0, 9.0, 10.0], [4.0, 3.0, 2.0, 1.0, 0.0, 1.0, 2.0, 3.0, 4.0, 5.0, 6.0, 7.0, 8.0, 9.0], [5.0, 4.0, 3.0, 2.0, 1.0, 0.0, 1.0, 2.0, 3.0, 4.0, 5.0, 6.0, 7.0, 8.0], [6.0, 5.0, 4.0, 3.0, 2.0, 1.0, 0.0, 1.0, 2.0, 3.0, 4.0, 5.0, 6.0, 7.0], [7.0, 6.0, 5.0, 4.0, 3.0, 2.0, 1.0, 0.0, 1.0, 2.0, 3.0, 4.0, 5.0, 6.0], [8.0, 7.0, 6.0, 5.0, 4.0, 3.0, 2.0, 1.0, 0.0, 1.0, 2.0, 3.0, 4.0, 5.0], [9.0, 8.0, 7.0, 6.0, 5.0, 4.0, 3.0, 2.0, 1.0, 0.0, 1.0, 2.0, 3.0, 4.0], [10.0, 9.0, 8.0, 7.0, 6.0, 5.0, 4.0, 3.0, 2.0, 1.0, 0.0, 1.0, 2.0, 3.0], [11.0, 10.0, 9.0, 8.0, 7.0, 6.0, 5.0, 4.0, 3.0, 2.0, 1.0, 0.0, 1.0, 2.0], [12.0, 11.0, 10.0, 9.0, 8.0, 7.0, 6.0, 5.0, 4.0, 3.0, 2.0, 1.0, 0.0, 1.0], [13.0, 12.0, 11.0, 10.0, 9.0, 8.0, 7.0, 6.0, 5.0, 4.0, 3.0, 2.0, 1.0, 0.0]]
"""

# 2. 제품 테이블
"""
# 제품 10개(0~9)
# 제품 i 의 정보 = product[i] = [제품 index, 쓰레기양(혹은 쓰레기통 용량), 쓰레기 수거 시간] = [int 형, float 형, float 형]
products = []
"""
"""
products = [[0, 10.0, 5.0], [1, 10.0, 5.0], [2, 10.0, 5.0], [3, 10.0, 5.0], [4, 10.0, 5.0], [5, 20.0, 5.0], [6, 20.0, 5.0], [7, 20.0, 5.0], [8, 20.0, 5.0], [9, 20.0, 5.0]]
"""

# 3. 차량 테이블
"""
# 차량 4대
# 차량 i 의 정보 = vehicles[i] = [차고지 index, 매립지 index, 용량, 차량 가용 시간, 매립지 처리 시간, 필수 차량 여부 (필수 차량 = 1, 필수 차량 아님 = 0), 차량 index] = [int 형, int 형, float 형, float 형, float 형, bin 형, int 형]
vehicles = []
"""
"""
vehicles = [[10, 12, 50.0, 480.0, 60.0, 1, 0], [10, 12, 60.0, 480.0, 60.0, 0, 1], [11, 13, 50.0, 480.0, 120.0, 1, 2], [11, 13, 60.0, 480.0, 120.0, 0, 3]]
"""

# 4. 시간 행렬
"""
# (14*14 행렬) 제품 10개(index 0~9), 차고지 2개(index 10~11), 매립지 2개(index 12~13)
# 노드 i, 노드 j 사이의 이동 시간 = timeMatrix[i][j] = float 형
timeMatrix = []
"""
"""
timeMatrix = [[0.0, 1.0, 2.0, 3.0, 4.0, 5.0, 6.0, 7.0, 8.0, 9.0, 10.0, 11.0, 12.0, 13.0], [1.0, 0.0, 1.0, 2.0, 3.0, 4.0, 5.0, 6.0, 7.0, 8.0, 9.0, 10.0, 11.0, 12.0], [2.0, 1.0, 0.0, 1.0, 2.0, 3.0, 4.0, 5.0, 6.0, 7.0, 8.0, 9.0, 10.0, 11.0], [3.0, 2.0, 1.0, 0.0, 1.0, 2.0, 3.0, 4.0, 5.0, 6.0, 7.0, 8.0, 9.0, 10.0], [4.0, 3.0, 2.0, 1.0, 0.0, 1.0, 2.0, 3.0, 4.0, 5.0, 6.0, 7.0, 8.0, 9.0], [5.0, 4.0, 3.0, 2.0, 1.0, 0.0, 1.0, 2.0, 3.0, 4.0, 5.0, 6.0, 7.0, 8.0], [6.0, 5.0, 4.0, 3.0, 2.0, 1.0, 0.0, 1.0, 2.0, 3.0, 4.0, 5.0, 6.0, 7.0], [7.0, 6.0, 5.0, 4.0, 3.0, 2.0, 1.0, 0.0, 1.0, 2.0, 3.0, 4.0, 5.0, 6.0], [8.0, 7.0, 6.0, 5.0, 4.0, 3.0, 2.0, 1.0, 0.0, 1.0, 2.0, 3.0, 4.0, 5.0], [9.0, 8.0, 7.0, 6.0, 5.0, 4.0, 3.0, 2.0, 1.0, 0.0, 1.0, 2.0, 3.0, 4.0], [10.0, 9.0, 8.0, 7.0, 6.0, 5.0, 4.0, 3.0, 2.0, 1.0, 0.0, 1.0, 2.0, 3.0], [11.0, 10.0, 9.0, 8.0, 7.0, 6.0, 5.0, 4.0, 3.0, 2.0, 1.0, 0.0, 1.0, 2.0], [12.0, 11.0, 10.0, 9.0, 8.0, 7.0, 6.0, 5.0, 4.0, 3.0, 2.0, 1.0, 0.0, 1.0], [13.0, 12.0, 11.0, 10.0, 9.0, 8.0, 7.0, 6.0, 5.0, 4.0, 3.0, 2.0, 1.0, 0.0]]
"""

"""
# 181024-P004
products = [[0,51,1],[1,50,1],[2,100,1],[3,100,1],[4,70,1],[5,100,1],[6,110,1],[7,35,1],[8,35,1],[9,100,1],[10,100,1],[11,165,1],[12,130,1],[13,150,1],[14,150,1],[15,114,1],[16,100,1],[17,100,1],[18,100,1],[19,100,1],[20,100,1],[21,100,1],[22,100,1],[23,100,1],[24,100,1],[25,200,1],[26,100,1],[27,100,1],[28,100,1],[29,100,1],[30,100,1],[31,300,1],[32,100,1],[33,100,1],[34,100,1],[35,100,1],[36,100,1]]
vehicles = [[37,38,3300,480,1,1,0],[37,38,3300,480,1,1,1],[37,38,3300,480,1,1,2]]
distanceMatrix = [[0,8022.5,10211.1,1655.4,969.8,7536.2,853.7,11672.9,10215.3,9940.2,1156.3,10512.9,9901.3,14774,9941.3,1151.7,7536.2,9262.6,9171.9,8972.4,10146.1,8134.2,9038.1,9681.9,9896.8,9546.6,10210.8,8979.4,9476.6,12386.7,12445.2,14811.4,11172.6,10908.4,10749.4,6460.7,7833.2,3571.9,4793.9],[7946.2,0,17299.9,9400.1,8714.6,1036.7,7740,15626.7,14169.1,17029,8901.1,17601.7,16990.1,8362.5,17030.1,8896.5,1036.7,16351.4,16260.7,16061.2,17234.9,15223,16126.9,16770.7,16985.6,16635.4,17299.6,16068.2,16565.5,19475.6,19534,21919.1,18261.4,17997.2,17838.2,13233.8,14922,10660.7,11567.1],[10207.7,17381.1,0,10927.2,10241.6,16894.8,10850,21031.4,19573.9,506.5,10428.2,1054,1038.6,11737.1,390.3,10423.5,16894.8,6939.6,6848.9,6649.4,5636,4656.7,6715.1,7345.5,6136.7,6763.8,6467.4,7702.1,7887.8,10010.4,9367.8,13770.3,9216.4,697.3,2615.4,8892.1,8166.7,8066.7,10669.3],[1631.5,9405.9,10670.1,0,987.2,8919.6,1786,12046.1,10588.5,10399.2,541.6,10971.9,10360.3,16157.4,10400.3,541.3,8919.6,9721.6,9630.9,9431.4,10605.1,8593.2,9497.1,10140.9,11833.9,11894.1,12147.9,10920.8,11418.1,13255.8,14386.6,13405.3,11643.8,11367.4,11208.4,5054.5,9774.6,4030.9,3387.8],[969.8,8744.3,10251.1,1011.1,0,8258,1444.8,12465,11007.4,9980.2,512.1,10552.9,9941.3,15495.7,9981.3,507.5,8258,9302.6,9211.9,9012.4,10186.1,8174.2,9078.1,9721.9,9936.8,9586.6,10250.8,9019.4,9516.6,12426.7,12485.1,14031.6,11212.6,10948.4,10789.4,5680.8,7873.1,3611.9,4014.1],[7489.6,1066.4,16843.3,8943.5,8258,0,7283.4,15170.1,13712.5,16572.4,8444.5,17145.1,16533.5,9428.9,16573.5,8439.9,0,15894.8,15804.1,15604.6,16778.3,14766.4,15670.3,16314.1,16529,16178.8,16843,15611.6,16108.8,19019,19077.4,21462.5,17804.8,17540.6,17381.6,12777.2,14465.4,10204.1,11110.5],[847.2,7763.3,10853.1,1642.7,1334.9,7277,0,11537.1,10079.5,10582.2,1143.7,11154.8,10543.3,14514.7,10583.3,1139,7277,9904.6,9813.9,9614.4,10788,8776.1,9680,10323.9,10538.8,10188.5,10852.8,9621.3,10118.6,13028.7,13087.1,15230.6,11814.6,11550.3,11391.4,6000.9,8475.1,4213.8,4334.2],[11393.9,15648,20747.6,12847.9,12162.3,15161.7,11611.2,0,3660,20476.8,12348.8,21049.4,20437.8,22812.3,20477.8,12344.2,15161.7,20104.8,20245.6,20046.1,20893.2,20885.8,20111.7,20429,20198.5,20258.7,20512.5,19285.4,19782.7,22692.8,22751.2,23028.3,21478.6,21444.9,24202.6,15585.6,18139.2,14108.4,13918.9],[9717.9,13972.1,19071.7,11171.9,10486.3,13485.7,9935.3,3453.9,0,18800.8,10672.9,19373.4,18761.9,21136.4,18801.9,10668.2,13485.7,18428.8,18569.6,18370.1,19217.2,19209.8,18435.8,18753.1,18522.5,18582.7,18836.5,17609.4,18106.7,21016.8,21075.2,21352.4,19802.7,19768.9,22526.6,13909.6,16463.2,12432.4,12242.9],[9931.2,17104.7,500.9,10650.8,9965.2,16618.4,10573.6,20755,19297.4,0,10151.7,1099.5,762.2,11577.9,231.1,10147.1,16618.4,6663.2,6572.5,6373,5789.2,4380.2,6438.6,7498.7,6289.9,6917,6938.4,7855.2,8040.9,10392.3,9749.8,13923.5,9598.4,1198.2,2837.4,8615.6,8429.4,7790.3,10392.9],[1156.3,8930.8,10292.2,565.5,512.1,8444.5,1631.3,11997.7,10540.1,10021.3,0,10594,9982.4,15682.3,10022.4,61.8,8444.5,9343.7,9253,9053.6,10227.2,8215.3,9119.2,9763,9977.9,9627.7,10291.9,9060.5,9557.8,12467.9,12526.3,13585.9,11253.8,10989.5,10830.6,5235.2,7914.3,3653,3568.4],[10508.5,17682,1054,11228.1,10542.5,17195.7,11150.9,21332.3,19874.7,1378.4,10729,0,1339.5,11682.1,985.9,10724.4,17195.7,7240.5,7149.8,6950.3,6670,4957.5,7015.9,8379.5,7170.7,7797.8,7819.2,8736.1,8921.8,11273.2,10630.6,14804.3,10479.2,1751.3,3718.2,9192.9,9006.7,8367.6,10970.2],[9961.8,17135.3,1102.6,10681.3,9995.7,16649,10604.1,20785.6,19328,831.7,10182.3,1404.3,0,11882.7,832.8,10177.7,16649,6693.7,6603,6403.6,6738.6,4410.8,6469.2,7404.1,7239.3,7866.4,7569.9,8804.6,8990.3,11156,10513.4,14679.7,10362.1,1799.8,3601,8646.2,8459.9,7820.8,10423.5],[14487.3,8068.3,11919.2,15941.3,15255.7,9105,14281.2,24281.7,22824.1,11887.7,15442.3,11860.1,12039.6,0,11686,15437.6,9105,17940.6,17849.9,17650.4,17370.2,15657.7,17716.1,19079.6,17870.9,18498,18519.4,19436.2,19621.9,21973.3,21330.7,27897.7,21179.4,12616.5,14418.3,20038.4,24267,17201.8,18371.7],[10173.2,17346.7,927.5,10892.7,10207.2,16860.4,10815.5,20997,19539.4,1043.1,10393.7,868.4,1004.2,11346.8,0,10389.1,16860.4,6905.2,6814.4,6615,6378.5,4622.2,6680.6,8088,6879.2,7506.3,7527.7,8444.6,8630.3,10981.7,10339.1,14512.8,10187.7,1624.8,3426.7,8857.6,8671.3,8032.3,10634.9],[1090.1,8864.6,10226,503.7,445.9,8378.3,1565.1,11935.9,10478.3,9955.1,0.2,10527.8,9916.2,15616,9956.2,0,8378.3,9277.5,9186.8,8987.4,10161,8149.1,9053,9696.8,9911.7,9561.5,10225.7,8994.3,9491.6,12401.7,12460.1,13524.1,11187.5,10923.3,10764.3,5173.4,7848.1,3586.8,3506.6],[7489.6,1066.4,16843.3,8943.5,8258,0,7283.4,15170.1,13712.5,16572.4,8444.5,17145.1,16533.5,9428.9,16573.5,8439.9,0,15894.8,15804.1,15604.6,16778.3,14766.4,15670.3,16314.1,16529,16178.8,16843,15611.6,16108.8,19019,19077.4,21462.5,17804.8,17540.6,17381.6,12777.2,14465.4,10204.1,11110.5],[9332.7,16506.1,6961.7,10309.5,9366.6,16019.8,9975,20154.4,18696.8,6548.7,9553.2,7469,6708.8,17947.4,6602.7,9548.5,16019.8,0,849.1,348.3,2382.3,2285.6,191.7,824.6,3032.9,3108.7,3346.9,3465,3650.7,6638.3,5995.7,9094.7,5421.7,6611,5146,6222,2892,7361.1,7790.5],[9121.1,16294.5,6927.9,10097.9,9155,15808.2,9763.4,20286.6,18829,6657,9341.6,7229.6,6618.1,17708,6658.1,9336.9,15808.2,849.1,0,559,3635.4,2194.9,624.6,1559.5,3524,3599.8,3838,3956,4141.8,7129.4,6486.8,9585.7,5912.7,7625.1,6399,6010.5,3346.3,7149.5,7578.9],[8863.5,16036.9,6670.3,9840.3,8897.4,15550.6,9505.8,20029,18571.4,6399.4,9084,6972,6360.5,17450.4,6400.5,9079.3,15550.6,290.2,500.8,0,2474.1,1937.3,65.6,1000.5,3266.4,3342.2,3580.4,3698.5,3884.2,6871.8,6229.2,9328.1,5655.1,6702.8,5237.8,5752.9,3088.7,6891.9,7321.3],[10106.8,17280.3,5614.7,11083.6,10140.7,16793.9,10749.1,20928.5,19471,5201.7,10327.3,6122,5904,16600.4,5255.7,10322.6,16793.9,2420.6,3646.9,2570.5,0,4287.1,2509.5,2744.8,2315.7,2942.8,2646.3,4239.1,4424.8,6189.3,5546.7,9868.8,5395.4,5264,3799,6996.2,3666.2,8135.2,8564.6],[7607,14780.5,4733,8326.5,7640.9,14294.1,8249.3,20969.7,19512.2,4462.1,7827.5,5034.7,4423.1,15513.1,4463.2,7822.9,14294.1,2282.9,2192.2,1992.7,4318.5,0,2058.4,2993.3,4207.1,4283,4521.1,4639.2,4824.9,7812.5,7170,10268.9,6595.9,5430.2,5514.5,5145.3,4029.5,5466,6922.6],[9020.1,16193.5,6826.9,9996.9,9054,15707.2,9662.4,20185.6,18728,6556,9240.6,7128.7,6517.1,17607,6557.1,9235.9,15707.2,224.5,657.4,156.6,2504.1,2093.9,0,934.9,3423,3498.8,3737,3855.1,4040.8,7028.4,6385.8,9484.7,5811.7,6732.8,5267.7,5909.5,3245.3,7048.5,7477.9],[9416.1,16589.6,7045.1,10392.9,9450.1,16103.3,10058.5,20237.9,18780.3,6632.2,9636.6,7552.5,7334.4,18030.8,6686.1,9632,16103.3,824.6,1559.5,1058.6,2465.8,3596.4,902,0,3116.4,3192.2,3430.4,3548.4,3734.2,6721.8,6079.2,9178.1,5505.1,6694.5,5229.5,6305.5,2975.5,7444.6,7874],[9338.3,16511.8,6112.5,11143.1,9372.3,16025.5,9980.7,19693.9,18236.3,5699.5,9558.8,6619.8,6401.8,17098.2,5753.5,9554.2,16025.5,2508.8,3025.7,2826.2,1835.2,3665.9,2597.7,2833,0,561.8,510.2,1744.9,1930.6,4053.2,3410.6,7813.1,3259.3,5761.9,4296.8,6227.7,2375,7366.8,7796.2],[8958.1,16131.5,6739.4,10762.8,8992,15645.2,9600.4,19313.6,17856,6326.4,9178.6,7246.7,7028.6,17725.1,6380.4,9173.9,15645.2,2128.5,2645.4,2445.9,2462.1,3285.6,2217.4,2452.7,561.8,0,1072,1556.8,1742.5,3912.2,3269.6,7625,3118.3,6388.7,4923.7,5847.5,1994.8,6986.5,7415.9],[9854.1,17027.5,6448.7,11658.8,9888,16541.2,10496.4,20209.6,18752,6035.7,10074.6,6956,6738,17434.4,6089.7,10069.9,16541.2,3024.5,3541.4,3341.9,2171.4,4181.6,3113.4,3348.7,515.7,1077.5,0,2081.1,1810.2,3588.8,2946.3,8121.4,2794.9,6098.1,4633,6743.5,2890.8,7882.5,8311.9],[8928.5,16102,7701.9,10730.3,8962.5,15615.7,9570.9,19281.1,17823.5,7288.9,9149,8209.2,7991.1,18687.6,7342.8,9144.4,15615.7,3458.5,3975.4,3776,3424.5,4615.6,3547.4,3782.8,1768.9,1583,2174.2,0,630.6,3540.7,3599.1,6457,2209.7,7351.2,5886.2,5817.9,1537.7,6957,7282.2],[9428.4,16601.9,7887.6,11230.2,9462.4,16115.6,10070.8,19781,18323.4,7474.6,9648.9,8394.9,8176.8,18873.3,7528.6,9644.3,16115.6,3958.5,4475.3,4275.9,3610.3,5115.5,4047.3,4282.7,1954.6,1768.7,1681.3,633.3,0,2985.1,3043.5,6553.5,1771,7536.9,6071.9,6317.8,2037.6,7456.9,7886.3],[12447.4,19620.9,9999.9,12839.8,12481.4,19134.6,13089.8,22800,21342.5,9586.9,12667.9,10507.2,10289.1,20985.5,9640.8,12663.3,19134.6,6040.7,6557.6,6358.1,5722.5,7197.8,6129.6,6364.9,4066.9,3912.2,3597,3652.3,3094,0,1950.4,5910.2,1655.3,9649.2,8184.2,9336.8,5056.6,10475.9,10320.8],[12439.4,19612.9,9396.1,14071.3,12473.4,19126.6,13081.8,22622.1,21164.5,8983.1,12659.9,9903.5,9685.4,20381.8,9037.1,12655.3,19126.6,5437,5953.9,5754.4,5118.8,6594.1,5525.9,5761.2,3463.2,3308.5,2993.3,3644.3,3086,1883.9,0,7507.9,2937,9045.5,7580.5,9328.8,5048.6,10467.9,10897.3],[14282.6,21174.7,13757.3,12469.5,13504.6,20688.4,14462.9,20122.2,18664.6,13344.3,13058.9,14264.6,14046.5,27387.1,13398.3,13058.7,20688.4,9071.3,9588.2,9388.7,9479.9,10228.4,9160.2,9395.5,7824.3,7636.4,7939.8,6471.4,6553.5,5910.2,7471.7,0,5781.6,13406.6,11941.6,9722.7,6723.8,12560.8,10513.8],[11141.4,18314.8,9246.3,11062.8,11175.3,17828.5,12222.5,21494,20036.4,8833.3,11361.9,9753.6,9535.5,20231.9,8887.2,11651.9,17828.5,5671.4,6188.3,5988.8,4968.9,6828.5,5760.3,5995.6,3313.3,3158.6,2843.4,2252.2,1787.9,1655.3,3083.5,5707.3,0,8895.6,7430.6,7752.8,3750.5,9169.8,8543.8],[10904.2,18077.6,696.5,11623.7,10938.1,17591.3,11546.5,21727.9,20270.4,1203,11124.7,1750.5,1735.1,12433.6,1086.8,11120,17591.3,6669.9,7545.4,7345.9,5284.6,5353.2,6758.7,6994.1,5785.3,6412.4,6116,7350.7,7536.4,9659,9016.4,13418.9,8865,0,2264,9588.6,7815.3,8763.2,11365.8],[10968.4,18141.8,2570.7,11687.9,11002.3,17655.5,11610.7,24604.2,23146.6,3077.2,11188.9,3624.7,3609.3,14307.8,2961,11184.2,17655.5,5160.8,6387.2,5310.7,3775.6,5418.7,5249.7,5485.1,4276.3,4903.4,4606.9,5841.6,6027.4,8149.9,7507.4,11909.9,7356,2220.1,0,9736.4,6306.3,8827.4,11304.9],[6000.7,13314.2,8953,4682.4,5717.5,12827.9,5842.1,16102.2,14644.7,8682.1,5271.8,9254.8,8643.2,20065.7,8683.2,5271.6,12827.9,6136.6,6045.9,5846.5,7020.1,5161.3,5912.1,6555.9,6770.8,6420.6,7084.8,5853.4,6350.7,9260.8,9319.2,9757.9,7961.7,9650.3,9783.8,0,4707.2,4210.5,2163.4],[7817.4,14990.9,8184.2,9619.2,7851.4,14504.6,8459.8,18170,16712.5,7771.2,8037.9,8691.6,8456.6,19169.9,7825.2,8033.3,14504.6,2868.8,3381.5,3182,3657.2,4021.7,3247.6,3193,2538.9,2140,3087.9,1572.8,2070.1,4980.2,5038.6,7032.1,3766.1,7833.6,6368.6,4706.8,0,5845.9,6275.3],[3549.9,10723.4,8074.9,4269.5,3583.9,10237.1,4192.3,14373.7,12916.1,7804,3770.4,8376.6,7765.1,17474.8,7805.1,3765.8,10237.1,7200.9,7110.2,6910.7,8084.3,5997.9,6976.3,7620.2,7835,7484.8,8149.1,6917.6,7414.9,10325,10383.4,12555.2,9110.9,8772.2,8855.5,4169.7,5771.4,0,2818.5],[4210.1,11523.6,10606.4,2891.8,3926.8,11037.3,4051.5,14311.6,12854,10335.5,3481.2,10908.2,10296.6,18275.1,10336.6,3480.9,11037.3,7586.5,7495.8,7296.3,8470,6814.7,7362,8005.8,8220.7,7870.5,8534.7,7197.7,7800.5,10240.8,10769,10425,8628.8,11303.7,11233.6,2039.6,6157,2735.4,0]]
timeMatrix = [[0,11.3,11.6,2.34,1.52,10.87,1.75,13.55,13.27,11.42,1.68,13.12,11.89,16.42,11.4,1.59,10.87,11.71,11.26,10.63,11.23,9.37,11.04,12.45,11.11,11.03,11.59,10.33,10.87,14.5,15.29,15.6,13,13.16,11.66,7.73,9.19,4.22,6.39],[11.21,0,21.3,12.86,12.04,1.97,11.37,20.3,20.02,21.12,12.2,22.82,21.59,12.15,21.1,12.11,1.97,21.41,20.96,20.32,20.93,19.07,20.74,22.15,20.81,20.73,21.29,20.03,20.57,24.2,24.99,24.43,22.7,22.86,21.37,17.34,18.89,13.92,16],[11.65,21.52,0,12.32,11.51,21.09,12.69,23.77,23.49,0.65,11.66,2.42,1.66,14.17,0.51,11.57,21.09,9.1,8.65,8.01,6.64,5.09,8.42,10.03,6.73,7.51,7.14,8.57,8.75,11.2,11.57,14.89,10.42,1.56,3.59,10.01,9.47,8.55,11.98],[2.38,12.88,12.11,0,1.47,12.46,3.26,13.5,13.22,11.92,0.99,13.63,12.39,18,11.9,0.79,12.46,12.22,11.77,11.13,11.74,9.87,11.54,12.95,11.26,11.45,11.74,10.79,11.33,14.82,15.75,14.07,13.04,13.66,12.17,6.21,9.65,4.72,4.86],[1.57,12.07,11.66,1.38,0,11.64,2.47,13.7,13.43,11.47,0.72,13.18,11.94,17.18,11.45,0.63,11.64,11.77,11.32,10.68,11.29,9.42,11.1,12.5,11.17,11.09,11.65,10.39,10.93,14.56,15.35,14.74,13.05,13.21,11.72,6.87,9.25,4.27,5.53],[10.88,1.96,20.96,12.52,11.71,0,11.03,19.96,19.68,20.78,11.86,22.48,21.25,14.1,20.76,11.78,0,21.08,20.63,19.99,20.6,18.73,20.4,21.81,20.48,20.39,20.95,19.7,20.24,23.87,24.66,24.09,22.36,22.52,21.03,17,18.56,13.58,15.66],[1.75,11.35,12.7,2.78,2.25,10.92,0,12.77,12.49,12.51,2.12,14.22,12.98,16.46,12.5,2.03,10.92,12.81,12.36,11.72,12.33,10.46,12.14,13.54,12.21,12.13,12.69,11.43,11.97,15.6,16.39,15.43,14.1,14.26,12.76,7.78,10.29,5.31,6.44],[12.68,19.56,22.6,14.32,13.51,19.13,12.76,0,5.32,22.42,13.66,24.12,22.88,24.8,22.39,13.58,19.13,20.59,20.6,19.96,20.01,20.19,20.38,21.22,19.23,19.41,19.7,18.76,19.3,22.93,23.72,21.3,21.43,24.16,22.62,17.23,17.62,15.21,15.89],[12.32,19.2,22.24,13.96,13.15,18.77,12.4,5.33,0,22.05,13.3,23.76,22.52,24.44,22.04,13.22,18.77,20.23,20.24,19.6,19.65,19.83,20.02,20.86,18.87,19.05,19.34,18.4,18.94,22.57,23.36,20.94,21.07,23.8,22.25,16.87,17.26,14.85,15.53],[11.43,21.3,0.7,12.1,11.28,20.87,12.47,23.54,23.27,0,11.44,2.72,1.44,14.15,0.49,11.35,20.87,8.87,8.42,7.79,7.29,4.86,8.2,10.68,7.37,8.16,7.63,9.21,9.4,11.46,11.82,15.53,10.68,2.26,3.89,9.78,9.62,8.33,11.75],[1.73,12.23,11.62,0.89,0.81,11.8,2.63,13.28,13.01,11.43,0,13.13,11.9,17.35,11.41,0.14,11.8,11.73,11.28,10.64,11.25,9.38,11.05,12.46,11.13,11.04,11.6,10.35,10.89,14.52,15.31,14.24,13.01,13.17,11.68,6.38,9.21,4.23,5.03],[13.29,23.17,2.47,13.97,13.15,22.74,14.34,25.41,25.13,2.85,13.3,0,3.19,14.99,2.49,13.22,22.74,10.74,10.29,9.65,8.89,6.73,10.07,12.28,8.98,9.76,9.23,10.82,11,13.06,13.43,17.14,12.29,4.03,5.5,11.65,11.49,10.2,13.62],[11.93,21.8,1.77,12.61,11.79,21.38,12.98,24.05,23.77,1.59,11.95,3.17,0,14.73,1.57,11.86,21.38,9.38,8.93,8.29,8.41,5.37,8.71,11.28,8.5,9.28,8.91,10.34,10.52,12.85,13.21,16.53,12.07,3.33,5.28,10.29,10.13,8.84,12.26],[16.48,12.09,14.89,18.13,17.32,14.06,16.64,25.45,25.18,15.08,17.47,15.55,15.5,0,14.68,17.38,14.06,23.05,22.6,21.97,21.08,19.05,22.38,24.47,21.17,21.95,21.42,23.01,23.19,25.25,25.62,27.1,24.47,16.45,17.69,21.83,22.68,19.19,20.49],[12.1,21.97,1.68,12.77,11.95,21.54,13.14,24.21,23.94,1.65,12.11,2.22,1.99,13.66,0,12.02,21.54,9.54,9.09,8.46,7.87,5.53,8.87,11.26,7.95,8.74,8.21,9.79,9.98,12.04,12.4,16.11,11.26,3.24,4.47,10.45,10.29,9,12.42],[1.59,12.09,11.47,0.75,0.67,11.66,2.49,13.14,12.87,11.29,0.19,12.99,11.76,17.21,11.27,0,11.66,11.59,11.13,10.5,11.1,9.24,10.91,12.32,10.99,10.9,11.46,10.21,10.75,14.38,15.17,14.1,12.87,13.03,11.54,6.24,9.07,4.09,4.89],[10.88,1.96,20.96,12.52,11.71,0,11.03,19.96,19.68,20.78,11.86,22.48,21.25,14.1,20.76,11.78,0,21.08,20.63,19.99,20.6,18.73,20.4,21.81,20.48,20.39,20.95,19.7,20.24,23.87,24.66,24.09,22.36,22.52,21.03,17,18.56,13.58,15.66],[11.6,21.48,8.89,11.9,11.46,21.05,12.65,20.53,20.25,8.54,11.62,10.21,9.48,21.65,8.69,11.53,21.05,0,2.48,1.03,4.05,4.03,0.67,2.4,4.88,4.98,5.36,5.38,5.56,9.04,9.38,11.14,7.86,9.37,7.61,8.29,4.99,9.39,9.7],[11.28,21.15,8.81,11.57,11.14,20.73,12.32,20.77,20.5,8.62,11.29,10.32,9.09,21.88,8.6,11.21,20.73,2.42,0,1.33,5.26,3.65,1.75,4.31,5.29,5.39,5.76,5.78,5.96,9.45,9.78,11.54,8.26,10.37,8.83,7.96,5.18,9.07,9.38],[10.63,20.5,8.16,10.93,10.49,20.07,11.68,20.12,19.85,7.97,10.64,9.68,8.44,21.23,7.95,10.56,20.07,1.09,1.44,0,4.31,3,0.41,2.98,4.64,4.74,5.11,5.13,5.31,8.79,9.13,10.89,7.61,9.62,7.87,7.31,4.53,8.42,8.73],[11.28,21.15,6.47,11.58,11.14,20.73,12.33,20.21,19.93,6.13,11.29,7.79,7.45,19.23,6.27,11.21,20.73,4.51,5.39,4.55,0,4.99,4.41,5.14,3.33,4.12,3.75,5.06,5.24,7.81,8.18,10.81,7.03,6.95,5.2,7.96,4.67,9.07,9.38],[9.13,19.01,5.16,9.81,8.99,18.58,10.18,20.39,20.11,4.98,9.15,6.68,5.44,18.24,4.96,9.06,18.58,4.01,3.56,2.92,4.88,0,3.34,5.91,4.9,5,5.38,5.39,5.58,9.06,9.4,11.15,7.88,6.72,7.04,6.03,4.79,6.04,8],[11,20.87,8.52,11.29,10.85,20.44,12.04,20.49,20.21,8.34,11.01,10.04,8.81,21.6,8.32,10.92,20.44,0.67,1.8,0.36,4.21,3.36,0,2.57,5,5.1,5.48,5.5,5.68,9.16,9.5,11.25,7.98,9.52,7.77,7.68,4.89,8.78,9.09],[12.03,21.9,9.31,12.32,11.89,21.47,13.07,20.95,20.68,8.96,12.04,10.63,10.29,22.07,9.11,11.96,21.47,2.46,4.35,2.91,4.48,5.73,2.54,0,5.31,5.41,5.79,5.8,5.99,9.47,9.8,11.56,8.28,9.79,8.04,8.71,5.41,9.81,10.13],[10.3,20.17,6.67,10.17,10.16,19.74,11.34,18.49,18.21,6.32,10.31,7.98,7.64,19.42,6.46,10.23,19.74,4.4,4.56,3.92,2.47,4.15,4.3,5.03,0,0.83,0.75,2.22,2.41,4.81,5.18,8.54,4.03,7.14,5.39,6.98,2.96,8.09,8.51],[10.13,20,7.5,9.99,9.99,19.57,11.17,18.32,18.04,7.15,10.14,8.81,8.47,20.25,7.29,10.05,19.57,4.23,4.39,3.75,3.3,3.98,4.13,4.86,0.83,0,1.58,2.14,2.32,4.84,5.17,8.46,4.06,7.97,6.22,6.81,2.79,7.91,8.33],[11,20.87,7.09,10.86,10.85,20.44,12.04,19.18,18.91,6.74,11.01,8.41,8.06,19.85,6.89,10.92,20.44,5.1,5.25,4.62,2.89,4.85,5,5.73,0.7,1.53,0,2.74,2.42,4.34,4.7,8.68,3.56,7.56,5.81,7.68,3.66,8.78,9.2],[10.22,20.1,8.59,10.37,10.08,19.67,11.27,18.7,18.42,8.24,10.24,9.91,9.56,21.35,8.38,10.15,19.67,5.61,5.76,5.13,4.39,5.36,5.5,6.24,2.29,2.1,2.75,0,0.9,4.53,5.32,7.14,2.88,9.06,7.31,6.91,2.21,8.01,8.37],[10.88,20.75,8.8,11.03,10.73,20.32,11.92,19.35,19.07,8.45,10.89,10.12,9.78,21.56,8.6,10.8,20.32,6.26,6.42,5.78,4.61,6.01,6.16,6.89,2.5,2.32,2.18,0.9,0,3.8,4.59,7.04,2.3,9.28,7.53,7.56,2.86,8.66,9.08],[14.38,24.25,11.22,14.37,14.23,23.82,15.42,22.85,22.57,10.87,14.39,12.54,12.19,23.98,11.01,14.3,23.82,9.11,9.27,8.63,7.02,8.86,9.01,9.74,4.83,4.89,4.3,4.4,3.78,0,3.66,6.24,2.92,11.7,9.95,11.06,6.36,12.16,12.17],[15.29,25.16,11.59,15.21,15.14,24.73,16.33,23.53,23.25,11.24,15.3,12.91,12.56,24.35,11.39,15.21,24.73,9.44,9.6,8.96,7.39,9.19,9.34,10.07,5.2,5.21,4.67,5.31,4.69,3.67,0,8.75,5.32,12.07,10.32,11.97,7.27,13.07,13.49],[14.99,23.42,14.4,12.85,14.15,22.99,14.42,19.66,19.39,14.05,13.67,15.71,15.37,25.95,14.19,13.47,22.99,10.85,11.01,10.38,10.2,10.6,10.75,11.48,8.1,7.99,8.46,6.67,7.01,6.27,8.79,0,6.34,14.87,13.12,10.34,7.37,12.38,11.28],[13.36,23.23,10.86,12.56,13.22,22.81,14.3,21.83,21.56,10.51,13.38,12.18,11.83,23.62,10.65,13.18,22.81,8.75,8.9,8.27,6.66,8.49,8.65,9.38,4.47,4.53,3.94,3.28,2.77,2.86,5.36,6.11,0,11.34,9.59,9.42,5.35,11.15,10.36],[13.25,23.12,1.6,13.92,13.11,22.69,14.29,25.37,25.09,2.25,13.26,4.02,3.26,15.77,2.11,13.18,22.69,9.9,10.25,9.61,7.14,6.69,9.8,10.53,7.22,8.01,7.63,9.06,9.25,11.7,12.06,15.38,10.92,0,4.08,11.61,9.97,10.15,13.58],[12.58,22.45,3.53,13.26,12.44,22.03,13.63,23.47,23.2,4.18,12.6,5.95,5.19,17.7,4.04,12.51,22.03,7.96,8.84,8,5.2,6.88,7.86,8.59,5.28,6.07,5.69,7.12,7.31,9.75,10.12,13.44,8.98,4,0,11.41,8.03,9.49,12.83],[8.07,17.62,10.1,5.94,7.23,17.19,7.68,17.92,17.64,9.92,6.75,11.62,10.39,22.73,9.9,6.56,17.19,8.5,8.04,7.41,8.01,6.2,7.82,9.23,7.9,7.81,8.38,7.11,7.66,11.29,12.08,10.96,9.52,11.66,11.58,0,5.98,4.84,3.74],[9.14,19.01,9.3,9.29,9,18.58,10.18,17.61,17.34,8.95,9.15,10.62,10.18,22.06,9.1,9.07,18.58,5.12,5.21,4.57,4.53,4.8,4.99,5.75,3.59,3.08,4.22,2.38,2.92,6.55,7.34,8.23,5.04,9.78,8.03,5.82,0,6.92,7.34],[4.42,14.29,8.85,5.09,4.27,13.86,5.46,16.53,16.26,8.66,4.43,10.37,9.13,19.4,8.64,4.34,13.86,9.33,8.88,8.24,8.85,6.61,8.65,10.06,8.73,8.64,9.21,7.94,8.49,12.12,12.91,12.78,10.61,10.4,9.88,4.51,6.81,0,3.45],[6.46,16.01,11.8,4.32,5.62,15.58,6.06,16.3,16.03,11.62,5.14,13.32,12.09,21.12,11.6,4.95,15.58,9.7,9.25,8.61,9.22,7.9,9.03,10.43,9.21,9.13,9.69,8.24,8.97,11.97,13.39,11.63,10.19,13.36,12.78,3.36,7.29,3.29,0]]
"""

# criteria = 0.381165441
criteria = float(2) / 3
# criteria = 0.375078446
# criteria = 0.482556434
# criteria = 0.455539453

obj = 0
# obj = 1

# 객체 생성
a = parameters.methodAndParameters()
b = parameters.initialSolution()
c = parameters.solution()


# 입력 파라미터 설정
a.setDistanceMatrix(distanceMatrix) # 거리 행렬
a.setProducts(products) # 제품 테이블
a.setVehicles(vehicles) # 차량 테이블
a.getNumProducts()  # 제품 수
a.getNumVehicles()  # 차량 수
a.getNumDepots()    # 차고지 수
a.getDepotsProducts()   # 차고지와 가까운 제품 테이블
a.setTimeMatrix(timeMatrix)   # 시간 행렬
a.setCriteria(criteria)    # 기준
a.setObj(obj)   # 목적함수 설정


print("거리 행렬")
print(a.distanceMatrix)
print("제품 테이블")
print(a.products)
print("차량 테이블")
print(a.vehicles)
print("제품 수")
print(a.numProducts)
print("차량 수")
print(a.numVehicles)
print("차고지 수")
print(a.numDepots)
print("차고지 테이블")
print(a.depots)
print("차고지 배정 제품")
print(a.depotsProducts)
print("차고지별 배정 차량 수")
print(a.depotsVehicles)
print("시간 행렬")
print(a.timeMatrix)

# 초기 해 생성
b.initialization(a)

print("초기 해집단")
print(b.genRoute4)

print("--- %s seconds ---" % (time.time() - start_time))




# 최종 해 알고리즘 실행
c.main(a, b)

print("--- %s seconds ---" % (time.time() - start_time))

# 출력 값
print("================================")
print("각 차량의 경로")
print(c.vehiclesRoute_2)
print("각 차량의 운행 거리")
print(c.vehiclesDistance_2)
print("모든 차량의 총 운행 거리")
print(c.solutionDist)
print("차량 운행 시간 분산")
print(c.soultionTimeVariance)
print("각 차량의 운행 시간")
print(c.vehiclesTime_2)
print("각 차량의 index")
print(c.vehiclesIndex_2)
print("수거한 쓰레기 수")
print(c.numCollectionProducts)
print("수거한 쓰레기 수 비율")
print(c.numCollectionProductsRatio)

print("================================")
print("최종해 중 균등 분배된 각 차량의 경로")
